1 0.6518741846084595 0.3516056537628174 0.1395244598388672 0.2420148402452469
1 0.11062705516815186 0.17018155753612518 0.1456039845943451 0.29194900393486023
1 0.8971904516220093 0.24470150470733643 0.12951618432998657 0.24428635835647583
0 0.9174414873123169 0.5521919131278992 0.16465705633163452 0.33257803320884705
1 0.4753488059529288 0.41898284385542195 0.10272637009620667 0.18637363612651825
0 0.6650506854057312 0.7094870209693909 0.2898731231689453 0.3864090144634247
0 0.44597989320755005 0.6542248129844666 0.12651696801185608 0.20406930148601532
0 0.1241675391793251 0.5733262896537781 0.24423260986804962 0.4146747291088104
2 0.8955515623092651 0.26016584038734436 0.02670001983642578 0.03250841423869133
2 0.6367431879043579 0.3717014789581299 0.031054973602294922 0.03134119510650635
2 0.09648218750953674 0.15760724246501923 0.03048001229763031 0.030130287632346153
2 0.46257485029940115 0.43812375249501 0.026946107784431135 0.02195608782435123
