0 0.944870114326477 0.5193327069282532 0.10981005430221558 0.31532707810401917
1 0.9484206438064575 0.19603323936462402 0.10284632444381714 0.2546292245388031
1 0.24141083657741547 0.21307849884033203 0.14696398377418518 0.28850969672203064
1 0.6780838966369629 0.403049498796463 0.13391470909118652 0.24405638873577118
0 0.1953459084033966 0.5818374752998352 0.3461921215057373 0.41917797923088074
0 0.683951199054718 0.697320282459259 0.24824678897857666 0.3210507929325104
1 0.443315969612784 0.40542058435504785 0.1016894280910492 0.20094768702983856
2 0.9652390480041504 0.2089918851852417 0.032697319984436035 0.028478940948843956
2 0.6586998701095581 0.41461285948753357 0.02815920114517212 0.028195658698678017
2 0.2510937750339508 0.19444741308689117 0.032912448048591614 0.03538290783762932
2 0.43338323353293406 0.42415169660678637 0.03143712574850305 0.025948103792415224
0 0.4708083832335329 0.6467065868263472 0.10329341317365276 0.21956087824351292
