1 0.07355912029743195 0.14539435505867004 0.1465003788471222 0.2692990005016327
1 0.7236683964729309 0.39563044905662537 0.13694381713867188 0.262475848197937
0 0.44141554832458496 0.6872389912605286 0.2209627330303192 0.29619836807250977
1 0.4428505190832172 0.4151982094594342 0.10209378600120544 0.19259846210479736
0 0.1014719009399414 0.5506525039672852 0.20165008306503296 0.3870128393173218
0 0.7021793127059937 0.6902499794960022 0.22241824865341187 0.3024027645587921
0 0.9253253936767587 0.32436722082768144 0.1491568088531496 0.4323426571910731
2 0.7083983421325684 0.41964879631996155 0.029231667518615723 0.029969969764351845
2 0.08207878470420837 0.14025497436523438 0.030547119677066803 0.03058656118810177
2 0.4416167664670659 0.4241516966067864 0.029940119760479007 0.029940119760479007
