1 0.1434721052646637 0.15306252241134644 0.18475009500980377 0.2866831123828888
1 0.7001813054084778 0.3953622877597809 0.13339364528656006 0.25312069058418274
1 0.9579349756240845 0.14523325860500336 0.08266907930374146 0.2602898180484772
0 0.4312709867954254 0.6805216670036316 0.20545333623886108 0.29210877418518066
1 0.44403405442923133 0.40461501223360474 0.11141139268875122 0.1952454298734665
0 0.7088674306869507 0.7433750033378601 0.2699742317199707 0.4041852056980133
0 0.1110873594880104 0.5256934762001038 0.2206113487482071 0.4528193175792694
2 0.6888958215713501 0.41048359870910645 0.02895599603652954 0.029461344704031944
2 0.21739020943641663 0.17364700138568878 0.029032230377197266 0.04432481527328491
2 0.4655688622754491 0.405189620758483 0.020958083832335318 0.019960079840319337
