0 0.44710588455200195 0.6698285937309265 0.19833624362945557 0.2778526246547699
1 0.20630478858947754 0.1679677814245224 0.17333175241947174 0.3007194697856903
1 0.7692541126719492 0.36475156803806863 0.1353352665901184 0.22812221944332123
0 0.7534164190292358 0.6983965039253235 0.25517576932907104 0.36514195799827576
1 0.42728081345558167 0.4134468138217926 0.10721588134765625 0.19704575836658478
1 0.9534098505973816 0.11263060569763184 0.09283792972564697 0.22065599262714386
0 0.965314507484436 0.4183309078216553 0.0692397952079773 0.3719792664051056
2 0.2333800196647644 0.1795893907546997 0.029450133442878723 0.03255730867385864
0 0.15020354092121124 0.5799466967582703 0.298857182264328 0.4076908826828003
2 0.41888659139593204 0.42296738452659155 0.03268766403198242 0.03427479788661003
2 0.7694610778443115 0.3962075848303393 0.038922155688622694 0.0219560878243513
